14.21648807448672
6.944185290349059
5.2874751035409435
8.236242173684742
2.663697854958547
4.884410358057838
2.525918712738906
7.458577270541689
14.58293494514471
7.767315439332547
4.746116983340643
1.6822718950985855
9.679957499255789
12.95495318883217
4.083243810525071
16.897823386157217
5.716225537993245
7.4802694735498445
25.706180644934417
5.5828744547889295
8.011288534806114
13.569306664492611
8.885495167290673
4.686493545304757
2.04972562214153
4.0310851049569125
2.866974332038809
5.262254778417244
14.034326872506048
6.142155989272175
2.816662358514085
4.236640780072726
3.9296315682034257
27.515858895367383
2.6206034549394532
10.929050367296762
2.6898525420944606
17.31850830221752
47.23601603949737
20.332720728143137
4.399171645875676
2.6284019226301196
18.0841028947874
7.063326226482612
2.6164453339402094
3.763570361594078
9.360696851860581
4.456592362773476
12.490041110979082
2.3627749587277047
5.197196227123179
4.992987992035949
8.252269566001054
7.981300744981628
2.5517017570389666
3.2840713064772604
18.1537611788144
4.478932984304435
4.41483608719382
2.9908071041198867
6.528251011243987
3.9043276993067693
10.056264667071424
3.796671199559251
17.44250619048621
16.051712316773944
2.3426299808916005
7.8456342001979085
2.857872441329356
4.009141526561077
7.6536191410441825
5.665262292553776
12.27017485944761
13.756513496569907
4.976001790544298
9.563222223838926
4.038714402778258
13.794893999903614
14.255678372975513
4.659367088663564
2.628625864423429
25.136694634858387
5.902866327233229
3.613748833938161
5.905452321795322
7.0740374988129835
1.8035236143864029
2.7492027064294873
15.461499617976237
1.9544089181025968
7.381877339349816
20.958708311793135
3.8945822592035624
11.27082722452334
5.8576455751647964
12.722609773775627
5.098088211080663
2.317524220500668
10.216480558262704
12.413268522307852
6.554095301603145
10.861092295241432
15.063646593995129
3.8738117092412723
3.2273249490519333
10.98370404816613
14.017637983697165
1.7780490213804783
7.970759920599329
19.113235174482682
10.434074632985165
5.56322208416654
5.354647725502782
15.913126148700435
4.407234659472151
8.07806185156036
4.756087809849945
2.541100513632073
7.60880597218656
5.8472096504613855
6.411769818491426
6.386150707750182
2.9835809358495173
3.6933387445172077
6.811273376777232
2.5122540326029887
4.181927560566728
3.9907210333045136
7.841172448282721
14.952851119192323
2.3459848976209123
12.500963664089614
3.6193501961805237
3.71236449444959
9.032571186079116
4.433609992578981
8.11437868614219
5.928414917076281
4.135352341867227
21.394564393395584
3.364949558263641
6.769062161494706
5.486182618457496
4.954557185743217
19.85602918736323
8.815926587784048
3.7797711432273307
9.258419136450946
4.273698623240132
4.342618811186958
2.88198589709552
5.918118688276775
14.135808043310089
8.0727909334638
12.179538429392348
7.704377558214066
9.298411697420102
2.605007862168927
10.153487804763653
1.654613037739898
3.2927340867201513
3.6518994376978395
4.613103789863744
4.619483881530431
13.300583104358378
5.041922087743424
1.779923007853
16.834526314353372
5.965434575553665
3.6958188853906218
7.5610446959567374
14.003547741078764
6.267442883692111
17.695013758374333
8.214849726138818
16.519373198515876
4.498771450768371
34.54307225719361
16.05296811352149
8.25388143051957
3.075709696683032
6.627415299395535
18.252062334969956
7.8393607657680136
6.901604472778425
4.686870559105355
3.2453241824291355
33.652689893187286
6.1212266003257465
10.000625749658779
4.190932676182213
8.99025837412809
3.2819328812586597
7.6831053464029715
6.186667992460796
5.982578518747505
18.07857163553623
7.257009681350844
4.335051614982013
5.814489364896643
21.64081853045797
6.922765706159997
8.612389272508421
1.9902853271089322
5.365711095065766
10.542108584477576
2.7132821970100953
2.683429205675916
11.45020730371984
7.603858560309483
7.4223039398584705
2.725843688570856
19.273157127649426
7.691895116979592
5.532531844880758
1.7055179168058041
5.495362028698515
6.195485042108425
6.882081098432529
3.0781503182932006
6.468240964267029
15.714886516365949
33.314761904007405
3.164206671831916
4.712639972239722
2.218381900544521
3.9353949518383287
13.904438666121536
2.660921560944072
9.470698289109974
3.7752813655324493
13.394618378785625
3.584037709467833
19.355365849744818
9.371624733814665
19.685102579937034
4.056215712042465
3.541553587665308
8.162018745255613
3.808324154466856
3.778718873790611
16.66998186686789
4.183226015174005
1.9104347716317478
4.10979761311622
3.5107898941960376
11.191224191492278
4.277653410783519
2.4581019135524382
16.165673293878584
12.432077381274304
4.593454297645313
3.2137833123584456
2.207151342644764
7.033879958821706
7.853529036841572
9.254030675416677
9.389636778063569
3.0580091553290414
4.740907824418822
3.3895395443630667
5.558508026804677
9.912338364647995
2.672461423487468
8.90624721221898
24.18482289531295
1.4700130326857472
8.465530806788317
2.5291514560065194
7.203018164424355
2.7830354265352124
3.6225675152133254
7.385075351756314
4.113848424480278
6.0475306694869335
6.8743343660178144
12.066606880068472
37.46611694713244
3.2766499759410785
1.9014843285525898
14.91729932524184
5.098275281201803
7.149160628173469
1.4943113840022966
13.76681722158176
4.713236643612238
19.49867593884501
15.074092586109561
4.54097296642379
7.889871925009749
10.995290192614233
4.441755209576869
4.873317013209846
3.8623950494534443
9.020477696708445
3.8061457602132167
8.855332691033734
16.41315322130017
37.79000395058385
4.244522099039973
13.31885744445425
8.627225716281982
8.07905154853335
2.8576156061543516
6.5046200261768785
4.922796771704213
10.067672081307201
6.0062799562423494
2.918216318539088
2.1157820237167564
3.0355221779931423
3.179728553809969
11.280001477919178
2.3118757250292115
12.748085649252259
4.110155087913352
4.054972730115778
10.821216218843915
7.274014829485581
8.265168126605195
12.096516472963692
7.26136061435365
5.086835116259976
5.221562136183953
6.901538812917053
3.6458670766395214
4.452341629627615
3.3914467187860082
7.492423238572763
19.57671924134184
3.7428372543605084
4.986301256881473
4.583742248939549
3.8071316868525873
31.130267984322103
5.627267034290884
2.0804893935279023
6.628173111347312
20.066588560927393
18.69599782523197
3.102170709466042
3.426882518714633
12.83603300948538
4.867711938138422
4.804982241166565
9.171385737911429
9.84413813080287
20.947811562583098
9.846580035315446
24.175106895507284
6.015598463593385
2.9174568328486647
7.885847062597472
13.018100878194867
3.7975844192032846
2.9738275150353073
15.707190420807192
7.930046923438659
15.606186789705623
2.0870056383457456
11.226053785488592
9.790312221271224
15.26791442575918
